001277
001279
001285
001335
001356
001382
001388
001390
001391
001395
001400
002998
003018
300804
300877
300915
300984
301059
301173
301275
301458
301479
301491
301501
301522
301535
301551
301556
301557
301560
301563
301571
301575
301581
301584
301585
301586
301590
301592
301595
301598
301600
301601
301602
301607
301608
301609
301611
301613
301616
301617
301618
301622
301626
301628
301629
301630
301631
301632
301633
301636
301656
301658
301662
301665
301668
301678
302132
600847
600930
603014
603022
603049
603072
603091
603120
603124
603194
603202
603205
603207
603210
603257
603262
603271
603310
603370
603382
603391
603395
603400
603406
603409
603418
688129
688411
688449
688545
688583
688605
688615
688656
688708
688710
688721
688726
688729
688750
688755
688757
688758
688775
920370
920834
920855
920856
920110
920802
920266
920455
920261
920950
920422
920433
920871
920957
920275
920146
920245
920392
920527
920005
920007
920008
920015
920016
920018
920019
920022
920027
920029
920037
920056
920060
920066
920068
920082
920088
920098
920099
920100
920101
920106
920108
920111
920112
920116
920118
920128
920167
920445
920489
920682
920799
920819